926.16300 147.93400
960.56100 416.82100
96.57300 129.30700
910.31300 165.55500
13.31330 142.27000
12.71900 178.65300
120.05300 310.11100
140.28500 136.41600
11.20300 242.07600
429.26700 384.83600
204.89500 424.11500
263.69600 52.82890
364.53700 157.34500
407.92500 21.61230
242.78900 177.62900
396.68400 86.30230
197.38800 344.10900
365.76700 361.38400
209.44000 260.09200
340.99200 28.05150
10.37990 336.85300
51.62150 77.39480
3.57770 418.51900
154.76400 415.82000
13.30670 490.26300
185.19600 284.88700
316.55700 282.49000
82.23540 134.44600
160.48200 210.51300
199.83200 475.65700
335.81200 354.48100
470.77900 30.64670
486.38600 53.18290
250.02200 445.37100
141.86700 364.25100
343.79100 409.94700
86.05700 225.80700
48.44330 389.83300
243.32300 345.92800
52.62900 68.86860
336.92300 498.76500
216.58300 314.09000
380.16600 340.05100
84.11760 327.37400
292.90400 373.37300
57.91840 288.37700
358.37000 189.09200
26.75780 482.45400
120.25800 309.38800
238.33200 97.37130
138.33800 392.14700
80.81850 221.27900
12.61270 193.90600
295.69200 187.93500
17.56130 258.91300
284.74700 53.76030
5.21029 369.29900
308.14400 378.50600
311.89500 411.75500
333.26300 15.90700
137.75200 260.92300
302.34200 396.38900
177.50400 428.50400
214.64300 354.42300
7.89613 144.23400
160.32500 259.73000
393.35000 408.34700
218.05800 153.29500
185.65600 267.01800
113.14500 416.09600
122.13200 277.03700
307.12800 331.36300
487.72800 175.99200
191.43100 250.78900
268.72600 10.28180
467.44700 97.36600
391.41200 134.64700
427.00900 466.89600
469.08300 141.25500
122.45200 496.63200
224.70400 170.57700
195.15800 473.84700
489.73900 70.79840
152.89500 63.13430
233.91100 229.24200
296.00700 237.68700
178.29800 3.85210
392.39700 97.35530
491.73900 361.54200
54.42500 104.98200
60.61770 135.40700
240.20800 111.02800
392.18900 266.68700
456.22500 211.48100
224.34200 91.17970
66.76100 113.53800
122.04600 368.19700
393.36300 169.67500
424.40500 285.67800
122.56500 70.83780
347.52900 273.62500
20.87820 453.05200
296.06200 404.23100
230.86500 63.86520
129.00000 238.77800
332.48300 108.21600
325.60200 171.37000
345.87400 24.37790
362.68700 350.41800
171.15200 142.13100
274.85800 451.90200
162.37500 133.84900
217.38300 77.62370
244.12800 105.56200
147.49000 68.65510
223.32100 263.69800
409.46000 197.03700
444.72100 215.77700
317.48300 187.51200
396.07200 18.52580
82.39630 438.63300
411.89000 104.43300
91.62440 344.46900
388.85400 432.70300
420.09100 313.03900
443.96700 364.31400
46.02250 442.58400
465.17800 188.45600
267.33200 362.46200
211.59000 492.83300
459.93900 332.77300
86.20940 129.71200
21.98200 273.86600
133.90800 326.37700
382.53100 425.66000
124.63100 258.39200
65.10150 308.65000
98.18960 248.74600
182.65900 79.99540
422.22400 137.09700
44.42130 411.36900
434.28600 423.75800
41.95040 168.25500
8.73431 46.62710
433.61900 276.47800
475.04300 44.62300
199.70400 468.29700
153.97900 165.49900
417.39800 268.47800
163.38300 289.71500
22.06980 374.32700
400.93600 360.86200
302.59700 300.76200
480.93200 269.65900
221.20700 217.76400
457.78000 385.45100
251.85700 121.60500
430.02600 314.83400
2.15589 80.89230
255.89300 450.33200
310.86800 437.32200
50.74390 475.07900
148.44300 44.40910
480.99900 438.44500
493.23200 147.09600
14.67710 389.41700
357.43300 0.16437
328.08600 229.48900
382.83600 1.51381
289.07500 381.15400
122.08500 465.91500
94.22750 413.53000
439.83100 176.92000
418.81100 370.11000
300.10600 432.90200
44.35410 371.95000
90.76330 39.77030
313.72400 238.55700
90.61990 332.53100
167.56400 425.12600
148.34500 68.26100
359.98700 403.34900
139.99500 339.86200
245.81000 53.25840
484.25500 143.64600
358.37500 104.19100
54.97710 215.79900
484.49200 46.05180
175.54800 249.34100
286.65700 443.68200
321.24400 440.95600
366.12500 425.37200
262.34700 371.21300
88.03980 112.93600
87.55680 178.29200
184.11300 159.60200
455.88700 124.17900
461.11000 299.23000
283.05400 133.27900
373.35900 380.45300
