# Nodo x y
0 926.163 147.934
1 960.561 416.821
2 96.573 129.307
3 910.313 165.555
4 13.3133 142.27
5 12.719 178.653
6 120.053 310.111
7 140.285 136.416
8 11.203 242.076
9 429.267 384.836
10 204.895 424.115
11 263.696 52.8289
12 364.537 157.345
13 407.925 21.6123
14 242.789 177.629
15 396.684 86.3023
16 197.388 344.109
17 365.767 361.384
18 209.44 260.092
19 340.992 28.0515
20 10.3799 336.853
21 51.6215 77.3948
22 3.5777 418.519
23 154.764 415.82
24 13.3067 490.263
25 185.196 284.887
26 316.557 282.49
27 82.2354 134.446
28 160.482 210.513
29 199.832 475.657
30 335.812 354.481
31 470.779 30.6467
32 486.386 53.1829
33 250.022 445.371
34 141.867 364.251
35 343.791 409.947
36 86.057 225.807
37 48.4433 389.833
38 243.323 345.928
39 52.629 68.8686
40 336.923 498.765
41 216.583 314.09
42 380.166 340.051
43 84.1176 327.374
44 292.904 373.373
45 57.9184 288.377
46 358.37 189.092
47 26.7578 482.454
48 120.258 309.388
49 238.332 97.3713
50 138.338 392.147
51 80.8185 221.279
52 12.6127 193.906
53 295.692 187.935
54 17.5613 258.913
55 284.747 53.7603
56 5.21029 369.299
57 308.144 378.506
58 311.895 411.755
59 333.263 15.907
60 137.752 260.923
61 302.342 396.389
62 177.504 428.504
63 214.643 354.423
64 7.89613 144.234
65 160.325 259.73
66 393.35 408.347
67 218.058 153.295
68 185.656 267.018
69 113.145 416.096
70 122.132 277.037
71 307.128 331.363
72 487.728 175.992
73 191.431 250.789
74 268.726 10.2818
75 467.447 97.366
76 391.412 134.647
77 427.009 466.896
78 469.083 141.255
79 122.452 496.632
80 224.704 170.577
81 195.158 473.847
82 489.739 70.7984
83 152.895 63.1343
84 233.911 229.242
85 296.007 237.687
86 178.298 3.8521
87 392.397 97.3553
88 491.739 361.542
89 54.425 104.982
90 60.6177 135.407
91 240.208 111.028
92 392.189 266.687
93 456.225 211.481
94 224.342 91.1797
95 66.761 113.538
96 122.046 368.197
97 393.363 169.675
98 424.405 285.678
99 122.565 70.8378
100 347.529 273.625
101 20.8782 453.052
102 296.062 404.231
103 230.865 63.8652
104 129 238.778
105 332.483 108.216
106 325.602 171.37
107 345.874 24.3779
108 362.687 350.418
109 171.152 142.131
110 274.858 451.902
111 162.375 133.849
112 217.383 77.6237
113 244.128 105.562
114 147.49 68.6551
115 223.321 263.698
116 409.46 197.037
117 444.721 215.777
118 317.483 187.512
119 396.072 18.5258
120 82.3963 438.633
121 411.89 104.433
122 91.6244 344.469
123 388.854 432.703
124 420.091 313.039
125 443.967 364.314
126 46.0225 442.584
127 465.178 188.456
128 267.332 362.462
129 211.59 492.833
130 459.939 332.773
131 86.2094 129.712
132 21.982 273.866
133 133.908 326.377
134 382.531 425.66
135 124.631 258.392
136 65.1015 308.65
137 98.1896 248.746
138 182.659 79.9954
139 422.224 137.097
140 44.4213 411.369
141 434.286 423.758
142 41.9504 168.255
143 8.73431 46.6271
144 433.619 276.478
145 475.043 44.623
146 199.704 468.297
147 153.979 165.499
148 417.398 268.478
149 163.383 289.715
150 22.0698 374.327
151 400.936 360.862
152 302.597 300.762
153 480.932 269.659
154 221.207 217.764
155 457.78 385.451
156 251.857 121.605
157 430.026 314.834
158 2.15589 80.8923
159 255.893 450.332
160 310.868 437.322
161 50.7439 475.079
162 148.443 44.4091
163 480.999 438.445
164 493.232 147.096
165 14.6771 389.417
166 357.433 0.16437
167 328.086 229.489
168 382.836 1.51381
169 289.075 381.154
170 122.085 465.915
171 94.2275 413.53
172 439.831 176.92
173 418.811 370.11
174 300.106 432.902
175 44.3541 371.95
176 90.7633 39.7703
177 313.724 238.557
178 90.6199 332.531
179 167.564 425.126
180 148.345 68.261
181 359.987 403.349
182 139.995 339.862
183 245.81 53.2584
184 484.255 143.646
185 358.375 104.191
186 54.9771 215.799
187 484.492 46.0518
188 175.548 249.341
189 286.657 443.682
190 321.244 440.956
191 366.125 425.372
192 262.347 371.213
193 88.0398 112.936
194 87.5568 178.292
195 184.113 159.602
196 455.887 124.179
197 461.11 299.23
198 283.054 133.279
199 373.359 380.453

# Rutas (Formato: IdVehiculo nodo1 nodo2 ... nodoFinal)
0 0 86 162 176 143 158 21 39 99 114 180 83 138 0
1 0 61 102 58 190 160 174 189 110 40 77 163 88 0
3 0 122 175 37 22 165 150 56 20 132 54 52 186 0
4 0 67 195 109 147 137 135 70 48 6 149 68 154 0
5 0 5 194 51 36 8 45 136 43 178 182 133 25 0
6 0 144 153 197 130 155 1 141 123 134 191 66 42 0
7 0 115 41 16 63 38 128 192 169 44 57 30 100 0
8 0 111 2 131 27 90 4 142 64 89 95 193 7 0
9 0 98 124 157 125 9 173 151 199 181 35 17 108 0
10 0 33 159 129 29 146 81 79 170 23 179 62 10 0
13 0 34 50 69 171 120 161 47 24 101 126 140 96 0
14 0 19 107 59 166 168 119 13 31 145 187 32 82 0
15 0 3 53 84 18 73 188 65 60 104 28 80 14 0
16 0 198 156 91 113 49 94 112 103 183 11 74 55 0
17 0 105 185 87 15 121 139 172 93 117 148 92 46 0
18 0 12 97 116 127 72 164 184 78 196 75 76 0
19 0 118 85 152 71 26 177 167 106 0
