# Nodo x y
0 926.16 147.93
1 960.56 416.82
2 96.57 129.31
3 910.31 165.56
4 13.31 142.27
5 12.72 178.65
6 120.05 310.11
7 140.28 136.42
8 11.20 242.08
9 429.27 384.84
10 204.90 424.12
11 263.70 52.83
12 364.54 157.34
13 407.93 21.61
14 242.79 177.63
15 396.68 86.30
16 197.39 344.11
17 365.77 361.38
18 209.44 260.09
19 340.99 28.05
20 10.38 336.85
21 51.62 77.39
22 3.58 418.52
23 154.76 415.82
24 13.31 490.26
25 185.20 284.89
26 316.56 282.49
27 82.24 134.45
28 160.48 210.51
29 199.83 475.66
30 335.81 354.48
31 470.78 30.65
32 486.39 53.18
33 250.02 445.37
34 141.87 364.25
35 343.79 409.95
36 86.06 225.81
37 48.44 389.83
38 243.32 345.93
39 52.63 68.87
40 336.92 498.76
41 216.58 314.09
42 380.17 340.05
43 84.12 327.37
44 292.90 373.37
45 57.92 288.38
46 358.37 189.09
47 26.76 482.45
48 120.26 309.39
49 238.33 97.37
50 138.34 392.15
51 80.82 221.28
52 12.61 193.91
53 295.69 187.94
54 17.56 258.91
55 284.75 53.76
56 5.21 369.30
57 308.14 378.51
58 311.89 411.75
59 333.26 15.91
60 137.75 260.92
61 302.34 396.39
62 177.50 428.50
63 214.64 354.42
64 7.90 144.23
65 160.32 259.73
66 393.35 408.35
67 218.06 153.29
68 185.66 267.02
69 113.14 416.10
70 122.13 277.04
71 307.13 331.36
72 487.73 175.99
73 191.43 250.79
74 268.73 10.28
75 467.45 97.37
76 391.41 134.65
77 427.01 466.90
78 469.08 141.25
79 122.45 496.63
80 224.70 170.58
81 195.16 473.85
82 489.74 70.80
83 152.90 63.13
84 233.91 229.24
85 296.01 237.69
86 178.30 3.85
87 392.40 97.36
88 491.74 361.54
89 54.42 104.98
90 60.62 135.41
91 240.21 111.03
92 392.19 266.69
93 456.23 211.48
94 224.34 91.18
95 66.76 113.54
96 122.05 368.20
97 393.36 169.68
98 424.40 285.68
99 122.56 70.84
100 347.53 273.62
101 20.88 453.05
102 296.06 404.23
103 230.87 63.87
104 129.00 238.78
105 332.48 108.22
106 325.60 171.37
107 345.87 24.38
108 362.69 350.42
109 171.15 142.13
110 274.86 451.90
111 162.38 133.85
112 217.38 77.62
113 244.13 105.56
114 147.49 68.66
115 223.32 263.70
116 409.46 197.04
117 444.72 215.78
118 317.48 187.51
119 396.07 18.53
120 82.40 438.63
121 411.89 104.43
122 91.62 344.47
123 388.85 432.70
124 420.09 313.04
125 443.97 364.31
126 46.02 442.58
127 465.18 188.46
128 267.33 362.46
129 211.59 492.83
130 459.94 332.77
131 86.21 129.71
132 21.98 273.87
133 133.91 326.38
134 382.53 425.66
135 124.63 258.39
136 65.10 308.65
137 98.19 248.75
138 182.66 80.00
139 422.22 137.10
140 44.42 411.37
141 434.29 423.76
142 41.95 168.25
143 8.73 46.63
144 433.62 276.48
145 475.04 44.62
146 199.70 468.30
147 153.98 165.50
148 417.40 268.48
149 163.38 289.71
150 22.07 374.33
151 400.94 360.86
152 302.60 300.76
153 480.93 269.66
154 221.21 217.76
155 457.78 385.45
156 251.86 121.61
157 430.03 314.83
158 2.16 80.89
159 255.89 450.33
160 310.87 437.32
161 50.74 475.08
162 148.44 44.41
163 481.00 438.44
164 493.23 147.10
165 14.68 389.42
166 357.43 0.16
167 328.09 229.49
168 382.84 1.51
169 289.07 381.15
170 122.08 465.92
171 94.23 413.53
172 439.83 176.92
173 418.81 370.11
174 300.11 432.90
175 44.35 371.95
176 90.76 39.77
177 313.72 238.56
178 90.62 332.53
179 167.56 425.13
180 148.34 68.26
181 359.99 403.35
182 140.00 339.86
183 245.81 53.26
184 484.25 143.65
185 358.38 104.19
186 54.98 215.80
187 484.49 46.05
188 175.55 249.34
189 286.66 443.68
190 321.24 440.96
191 366.12 425.37
192 262.35 371.21
193 88.04 112.94
194 87.56 178.29
195 184.11 159.60
196 455.89 124.18
197 461.11 299.23
198 283.05 133.28
199 373.36 380.45

# Rutas (Formato: IdVehiculo nodo1 nodo2 ... nodoFinal)
0 0 80 186 132 20 56 150 37 140 171 69 50 34 0
1 0 16 62 179 23 170 79 129 29 81 146 10 63 0
2 0 30 57 61 58 102 169 44 128 192 38 41 115 0
3 0 111 193 95 89 64 142 4 90 27 131 2 109 0
4 0 116 153 197 130 88 163 1 155 125 173 157 124 0
6 0 3 53 85 152 26 177 167 118 106 0
7 0 71 33 159 110 189 174 160 190 40 77 141 9 0
8 0 138 83 180 114 99 39 21 158 143 176 162 86 0
9 0 100 108 17 199 181 35 191 134 123 66 151 42 0
10 0 19 107 59 166 168 119 13 31 145 187 32 82 0
11 0 28 36 51 8 137 70 48 6 133 149 68 84 0
12 0 96 120 126 161 47 24 101 22 165 175 122 73 0
13 0 198 156 91 113 49 94 112 103 183 11 74 55 0
14 0 18 25 182 178 43 136 45 54 52 194 5 147 0
17 0 12 97 172 72 127 93 117 144 98 148 92 46 0
18 0 105 185 87 15 121 75 164 184 78 196 139 76 0
19 0 7 67 195 104 135 60 65 188 154 14 0
